[N
20
5
13 stimulus_file
2
9 tb_simstm
17
5 tbtop
14
8 NsPerClk
12
28 pulsegeneratorplainuserlogic
6
25 stimulus_main_entry_label
13
3 rtl
4
13 stimulus_path
16
13 tbdutaxi4lite
3
11 behavioural
1
118 /home/vagrant/git/tutorial/tutorial-hxs-bitfield-register-pulse-generator-plain/simulation/modelsim-axi4lite/work/work
19
16 tutorial_flavour
18
25 stimulus_test_suite_index
8
21 machine_address_width
20
16 tutorial_bustype
15
30 pulsegeneratorplainaxi4litehxs
9
43 pulsegeneratorplainifcaxi4litebuscontroller
7
19 machine_value_width
10
26 CLOCKS_UNTIL_CYCLE_TIMEOUT
11
30 pulsegeneratorplainifcaxi4lite
]
[G
1
16
3
1
14
0
0
10
0
0 0
0
0
]
[G
1
2
3
1
6
0
0
0
0
9 0
36
116
101
115
116
77
97
105
110
1
1
1 9 1 1
]
[G
1
17
3
1
6
0
0
0
0
9 0
36
116
101
115
116
77
97
105
110
1
1
1 9 1 1
]
[G
1
2
3
1
4
0
0
0
0
90 0
47
104
111
109
101
47
118
97
103
114
97
110
116
47
103
105
116
47
116
117
116
111
114
105
97
108
47
116
117
116
111
114
105
97
108
45
104
120
115
45
98
105
116
102
105
101
108
100
45
114
101
103
105
115
116
101
114
45
112
117
108
115
101
45
103
101
110
101
114
97
116
111
114
45
112
108
97
105
110
47
116
98
47
115
105
109
115
116
109
47
1
1
1 90 1 1
]
[G
1
17
3
1
4
0
0
0
0
90 0
47
104
111
109
101
47
118
97
103
114
97
110
116
47
103
105
116
47
116
117
116
111
114
105
97
108
47
116
117
116
111
114
105
97
108
45
104
120
115
45
98
105
116
102
105
101
108
100
45
114
101
103
105
115
116
101
114
45
112
117
108
115
101
45
103
101
110
101
114
97
116
111
114
45
112
108
97
105
110
47
116
98
47
115
105
109
115
116
109
47
1
1
1 90 1 1
]
[G
1
15
3
1
14
0
0
10
0
0 0
0
0
]
[G
1
9
3
1
10
1
0
1023
0
0 0
0
0
]
[G
1
17
3
1
18
0
0
255
0
0 0
0
0
]
[G
1
17
3
1
19
0
3
1
0
0 0
0
0
]
[G
1
2
3
1
8
0
0
31
0
0 0
0
0
]
[G
1
17
3
1
8
0
0
31
0
0 0
0
0
]
[G
1
17
3
1
20
1
3
2
0
0 0
0
0
]
[G
1
11
3
1
10
1
0
1023
0
0 0
0
0
]
[G
1
12
13
1
14
0
0
10
0
0 0
0
0
]
[G
1
2
3
1
7
0
0
64
0
0 0
0
0
]
[G
1
17
3
1
7
0
0
64
0
0 0
0
0
]
[G
1
2
3
1
5
0
0
0
0
12 0
116
101
115
116
77
97
105
110
46
115
116
109
1
1
1 12 1 1
]
[G
1
17
3
1
5
0
0
0
0
12 0
116
101
115
116
77
97
105
110
46
115
116
109
1
1
1 12 1 1
]
